72
2  27  67  -1
1  21  27  36  64  67  -1
20  34  39  72   -1
15  40  50  -1
13  25  46  48  -1
22  23  37  38  69  -1
10  21  27  35  -1
10  22  23  38  69 -1
10  11  20  -1
7  8  9  12  34  35  37  44  -1
9  12  26  -1
10  11  71  -1
5  31  41  63  -1
30  33  43  45  -1
4  24  29  40  50  -1
17  49  60  -1
16  42  54  -1
28  60  -1
21  36  64  -1
3  9  26  30  72  -1
2  7  19  27  35  36  64  -1
6  8  37  44 68  69  -1
6  8  37  44  69  -1
15  29  40  56  57  -1
5  51  66  70  -1
11  20  39  -1
1  2  7  21  35  -1
18  60  -1
15  24  50  58  -1
14  20  40  43  45  -1
13  46  63  -1
52  54  60  -1
14  40  43  45  53  55  70  -1
3  10  71  -1
7  10  21  27  -1
2  19  21  64  -1
6  10  22  23  38  69  -1
6  8  37  44  -1
3  26  71  -1
4  15  24  30  33  43  45  -1
13  48  63  -1
17  50  52  58  65  -1
14  30  33  40  53  55  70  -1
10  22  23  38  68  69  -1
14  30  33  40  -1
5  31  51  63  66  -1
49  50  54  -1
5  41  70  -1
16  47  52  -1
4  15  29  42  47  58  60  -1
25  46  66  -1
32  42  49  65  -1
33  43  55  70  -1
17  32  47  -1
33  43  53  70  -1
24  57  61  62  -1
24  56  58  59  61  -1
29  42  50  57  59  62  -1
57  58  62  65  -1
16  18  28  32  50  -1
56  57  62  -1
56  58  59  61  -1
13  31  41  46  -1
2  19  21  36  -1
42  52  59  -1
25   46  51  -1
1  2  -1
22  44  -1
6  8  22  23  37  44  -1
25  33  43  48  53  55  -1
12  34  39  -1
3  20  -1

